172705 3.87 108.88 964.15 960.28
31409 2.24 107.31 942.93 940.69
200110 9.87 101.58 877.79 867.92
32430 3.15 66.83 826.70 823.55
30644 90.22 496.28 902.33 812.11
59689 1.92 73.77 806.27 804.35
286095 56.72 455.79 854.86 798.14
12167 32.46 431.34 830.21 797.75
180463 2.92 67.12 800.07 797.15
48290 47.93 445.73 843.54 795.61
235046 75.33 472.32 869.30 793.97
21460 3.44 114.98 793.90 790.45
262737 4.97 79.52 795.26 790.29
158585 3.17 81.90 786.90 783.73
986 33.05 422.08 811.10 778.04
12157 2.23 73.98 777.97 775.74
115415 21.16 407.28 793.40 772.24
274502 1.99 60.21 770.59 768.60
164469 35.82 418.28 800.73 764.91
299333 1.84 52.62 765.98 764.14
167454 1.59 53.26 765.39 763.80
294090 1.53 67.18 764.79 763.27
224254 1.72 41.40 764.74 763.02
25792 22.59 104.47 782.94 760.35
105810 3.10 70.45 763.38 760.28
125473 72.01 451.65 831.30 759.29
192568 210.73 590.01 969.30 758.57
290146 81.18 458.19 835.19 754.01
245861 90.01 466.73 843.44 753.43
41318 120.33 496.11 871.89 751.56
75007 98.82 474.42 850.02 751.19
297439 23.70 398.62 773.54 749.84
132093 12.70 142.45 759.92 747.22
169512 3.65 111.82 748.31 744.66
142350 64.98 435.84 806.71 741.73
39164 2.44 60.37 739.39 736.96
209123 2.21 72.14 739.14 736.94
172652 106.24 470.16 834.08 727.83
181963 2.65 47.95 728.74 726.09
18605 4.00 71.67 729.92 725.92
74144 97.22 458.80 820.39 723.17
110567 73.78 434.69 795.60 721.82
127819 92.44 453.04 813.64 721.21
113502 3.01 78.97 723.51 720.50
233969 3.79 66.19 723.77 719.97
226944 2.38 51.93 722.15 719.77
73697 3.83 65.23 723.13 719.30
147623 59.09 418.02 776.95 717.87
165538 91.41 450.19 808.96 717.55
95796 11.42 116.05 728.73 717.31
